 10

 10 4 88 8 68 6 94 5 99 1 67 2 89 9 77 7 99 0 86 3 92
 10 5 72 3 50 6 69 4 75 2 94 8 66 0 92 1 82 7 94 9 63
 10 9 83 8 61 0 83 1 65 6 64 5 85 7 78 4 85 2 55 3 77
 10 7 94 2 68 1 61 4 99 3 54 6 75 5 66 0 76 9 63 8 67
 10 3 69 4 88 9 82 8 95 0 99 2 67 6 95 5 68 7 67 1 86
 10 1 99 4 81 5 64 6 66 8 80 2 80 7 69 9 62 3 79 0 88
 10 7 50 1 86 4 97 3 96 0 95 8 97 2 66 5 99 6 52 9 71
 10 4 98 6 73 3 82 2 51 1 71 5 94 7 85 0 62 8 95 9 79
 10 0 94 6 71 3 81 7 85 1 66 2 90 4 76 5 58 8 93 9 97
 10 3 50 0 59 1 82 8 67 7 56 9 96 6 58 4 81 5 59 2 96

0 22 18 6 8 20 7 25 31 12 27
22 0 11 27 30 32 20 10 28 21 7
18 1 11 0 22 26 22 21 7 18 12 19
6 27 22 0 6 17 13 29 32 12 33
8 30 26 6 0 23 12 34 38 18 34
20 32 22 17 23 0 28 29 20 11 40
7 20 21 13 12 28 0 26 37 18 23
25 10 7 29 34 29 26 0 19 19 17
31 28 18 32 38 20 37 19 0 19 35
12 21 12 12 18 11 18 19 19 0 28
27 7 19 33 34 40 23 17 35 28 0

0 22 18 6 8 20 7 25 31 12 27
22 0 11 27 30 32 20 10 28 21 7
18 1 11 0 22 26 22 21 7 18 12 19
6 27 22 0 6 17 13 29 32 12 33
8 30 26 6 0 23 12 34 38 18 34
20 32 22 17 23 0 28 29 20 11 40
7 20 21 13 12 28 0 26 37 18 23
25 10 7 29 34 29 26 0 19 19 17
31 28 18 32 38 20 37 19 0 19 35
12 21 12 12 18 11 18 19 19 0 28
27 7 19 33 34 40 23 17 35 28 0